1457119809
599785188
799987755
98345367
376092762
2095469721
231570768
1443865764
568494819
1261870485
1479394275
727186563
172727709
666508596
139146510
1832752968
1089725442
1770686070
1696450860
1634860950
1204098825
1744443162
1899730056
1075176447
1000808553
1989428514
2074832952
811487898
509011644
563488119
61502811
287015733
1246804053
321076017
1924450689
1299814059
1169607246
2067943032
464149572
1867134972
1225701489
1696685550
216231228
1583232657
1215682326
499215216
15658203
851744454
1692165231
238411377
627596328
207746619
1118840211
480466461
508560075
1072120701
43915473
823555335
2015999310
1500601704
1218282411
1440286125
996716604
986612616
626704794
1792151712
370175142
822014235
1213480677
1644122460
2084115978
1329029523
664229742
1111423044
2025467640
99625509
350565339
180796890
469094001
1274004720
1384065873
1612022355
620906124
1723194009
781072800
313690164
