1942927818
144298198
568587090
653514714
549904268
1961558690
1572391656
1422636104
1197335282
1815275410
1575203728
625092980
1428144814
1967411444
1789257320
35906592
645593140
1960576248
1046748952
525668220
60019196
1331963644
1674916966
1900420082
628949792
1447138552
269153242
32210984
756350128
920842156
1746879116
1318684814
694061618
507342716
1817937188
1896275378
179462350
460973026
1687823930
766536974
351322810
1024778990
1146475772
198880572
133290224
869274382
351802136
2097742100
2037337840
1474642172
244650948
873105846
761277344
1409789154
1401969796
392932726
1430337308
952837888
600389086
1390967982
1644400028
962891342
1081742728
1285503612
2035253390
1658969592
1108657076
1173424244
1602916384
1076098418
1010077288
243165932
1387142098
1567423732
1736219462
1956286778
1649464406
1600092394
1705165340
1514067734
2125032904
2105215882
1530952192
79468316
1525454432
716360638
964424514
1181332462
2017040808
1838413772
918470110
1994576306
24201524
1778152186
546196680
768895282
1395879364
1145221522
1553879974
1328037698
1557923358
105207742
1153375122
1772742964
1582296994
1727574466
2129687248
1809016936
1531486700
1524785414
532193740
992579562
988135460
445997966
248242754
1799467760
1069495318
606670310
2088481736
560636446
655221500
1254103276
1646151522
76894398
731708444
1697586136
1814336420
1733497674
1216064954
1723197824
601547210
712753988
768421282
972839384
1952612722
929079408
696173998
514409778
1320698204
1142729074
913315870
1971921828
1508882698
775803988
303413868
320810042
531825600
176672230
35763602
943637692
