648015649
1492082933
1226679909
1509017843
1393431559
1465196671
1501905707
1943926163
1254789985
598670303
1760652451
1968392923
462664567
1201164231
1707021413
660288581
1841872743
272196091
1290753293
1005200021
1536380397
1419039683
675471761
696146901
438947107
1681728729
860378333
1588177945
1689819797
983735701
763653013
731251455
1141210725
468041217
1760056343
47077175
1805003549
2071163383
192893263
1523460139
1750950987
773405513
1427587965
1100761801
1120673835
1693356695
640251639
1167338491
2119210579
1051153285
985489705
2015262135
744502717
1928133245
466997807
1107031229
1996228055
1238261143
378126413
1956290801
975062653
323030795
404659831
1976104831
571973987
1486884333
1686465255
1370906777
437032135
1517828935
934323233
457834651
278489081
1518587507
985959057
90785387
990442083
220193353
845052705
1266984373
1620613171
1957948611
1170063399
440397853
546200195
1015682489
992763761
984930487
147345843
1114221251
824663909
1543440507
1622785853
99843791
625718603
715165393
1683429553
1238135485
765347611
1397027845
1013932781
484587367
1290955941
1741363643
744922273
1335269601
311520793
520122131
989596747
1872342611
747261905
139803615
2033169315
473468629
743839805
1326063053
1585944903
685383649
332512379
2082553223
357771251
1198171445
551104541
2103090073
49277227
1238051429
1090541389
1283070563
396707719
1052645185
126616739
385054259
422690453
907358073
141570511
887710811
918752063
338124553
35499815
1163313149
1859921069
829745113
14158855
657688853
819285397
1279971739
702964357
663188725
982597245
462148163
126979465
1096509107
1718019367
158888399
1204400017
358555777
1771495547
880555459
1767370063
1846110245
769673767
1370142201
773285371
1939758965
